1732399897606 0.63095 0
1732400001874 0.65864 1
1732400102593 0.6497 2
1732400205364 0.66005 3
1732400308333 0.67158 4
1732400409667 0.67356 5
1732400512901 0.68601 6
1732400613954 0.68721 7
1732400716967 0.69735 8
1732400844844 0.69627 9
1732401044907 0.69252 10
1732401244286 0.70431 11
1732401445322 0.70843 12
1732401647959 0.70036 13
1732401851172 0.70683 14
1732402055493 0.70808 15
1732402258675 0.7109 16
1732402461520 0.71442 17
1732402665466 0.71352 18
1732402868112 0.71491 19
1732402981155 0.71554 20
1732403086159 0.71955 21
1732403191040 0.72087 22
1732403296231 0.72488 23
1732403398790 0.72402 24
1732403504672 0.72683 25
1732403604833 0.72717 26
1732403703713 0.72827 27
1732403803264 0.72875 28
1732403901233 0.72898 29
1732404000341 0.72996 30
1732404100395 0.73012 31
1732404200770 0.72793 32
1732404300969 0.73029 33
1732404399982 0.72765 34
1732404422632 0.7301937961731892 34
