1732399897606 0.97359 0
1732400001874 0.96773 1
1732400102593 0.94359 2
1732400205364 0.96924 3
1732400308333 0.97171 4
1732400409667 0.96848 5
1732400512901 0.97468 6
1732400613954 0.97745 7
1732400716967 0.97884 8
1732400844844 0.97693 9
1732401044907 0.97941 10
1732401244286 0.98098 11
1732401445322 0.98216 12
1732401647959 0.98138 13
1732401851172 0.98241 14
1732402055493 0.98477 15
1732402258675 0.98452 16
1732402461520 0.98517 17
1732402665466 0.98496 18
1732402868112 0.98418 19
1732402981155 0.98475 20
1732403086159 0.98488 21
1732403191040 0.98545 22
1732403296231 0.98536 23
1732403398790 0.98788 24
1732403504672 0.9873 25
1732403604833 0.98876 26
1732403703713 0.98606 27
1732403803264 0.98667 28
1732403901233 0.98808 29
1732404000341 0.98689 30
1732404100395 0.98853 31
1732404200770 0.98986 32
1732404300969 0.98936 33
1732404399982 0.98809 34
1732404422632 0.9893689821218614 34
