1732399897606 0.98214 0
1732400001874 0.9657 1
1732400102593 0.95953 2
1732400205364 0.98072 3
1732400308333 0.9776 4
1732400409667 0.97728 5
1732400512901 0.98509 6
1732400613954 0.98309 7
1732400716967 0.97814 8
1732400844844 0.98813 9
1732401044907 0.98791 10
1732401244286 0.98214 11
1732401445322 0.98391 12
1732401647959 0.97998 13
1732401851172 0.98785 14
1732402055493 0.98837 15
1732402258675 0.98912 16
1732402461520 0.98012 17
1732402665466 0.98747 18
1732402868112 0.98175 19
1732402981155 0.98886 20
1732403086159 0.98293 21
1732403191040 0.98284 22
1732403296231 0.98829 23
1732403398790 0.98411 24
1732403504672 0.9855 25
1732403604833 0.98337 26
1732403703713 0.98838 27
1732403803264 0.98612 28
1732403901233 0.98969 29
1732404000341 0.9889 30
1732404100395 0.98991 31
1732404200770 0.98782 32
1732404300969 0.98731 33
1732404399982 0.98397 34
1732404422632 0.987403081951773 34
