1732399897606 0.95163 0
1732400001874 0.9375 1
1732400102593 0.89565 2
1732400205364 0.93997 3
1732400308333 0.93859 4
1732400409667 0.9413 5
1732400512901 0.9462 6
1732400613954 0.9481 7
1732400716967 0.94855 8
1732400844844 0.9498 9
1732401044907 0.9538 10
1732401244286 0.95623 11
1732401445322 0.96356 12
1732401647959 0.9578 13
1732401851172 0.96033 14
1732402055493 0.96576 15
1732402258675 0.96413 16
1732402461520 0.96793 17
1732402665466 0.96467 18
1732402868112 0.96685 19
1732402981155 0.96521 20
1732403086159 0.97024 21
1732403191040 0.97011 22
1732403296231 0.96298 23
1732403398790 0.97228 24
1732403504672 0.96848 25
1732403604833 0.97337 26
1732403703713 0.97099 27
1732403803264 0.96957 28
1732403901233 0.96793 29
1732404000341 0.96839 30
1732404100395 0.9712 31
1732404200770 0.9712 32
1732404300969 0.9712 33
1732404399982 0.97283 34
1732404422632 0.971195652173913 34
