1732399891858 1.21042 0
1732399996400 1.1908 1
1732400097151 1.21499 2
1732400199901 1.22948 3
1732400301083 1.19244 4
1732400404162 1.17164 5
1732400507433 1.14684 6
1732400608490 1.13696 7
1732400711560 1.12831 8
1732400827121 1.10796 9
1732401026644 1.10405 10
1732401227048 1.08679 11
1732401429362 1.0863 12
1732401632544 1.08566 13
1732401835993 1.07876 14
1732402039129 1.06698 15
1732402243784 1.05719 16
1732402446813 1.05415 17
1732402650968 1.04721 18
1732402855270 1.04238 19
1732402974627 1.03705 20
1732403080717 1.03151 21
1732403185671 1.02214 22
1732403288928 1.01612 23
1732403393464 1.00676 24
1732403499061 0.99874 25
1732403598883 0.9874 26
1732403698130 0.97107 27
1732403797599 0.9598 28
1732403895992 0.95452 29
1732403995139 0.944 30
1732404094762 0.93376 31
1732404195183 0.9197 32
1732404294878 0.91444 33
1732404394561 0.89926 34
