1732399891858 1.00206 0
1732399996400 0.6378 1
1732400097151 0.68689 2
1732400199901 0.69263 3
1732400301083 0.64179 4
1732400404162 0.60308 5
1732400507433 0.5801 6
1732400608490 0.56673 7
1732400711560 0.54873 8
1732400827121 0.53121 9
1732401026644 0.52408 10
1732401227048 0.51007 11
1732401429362 0.49988 12
1732401632544 0.49622 13
1732401835993 0.48969 14
1732402039129 0.48056 15
1732402243784 0.46868 16
1732402446813 0.46774 17
1732402650968 0.46062 18
1732402855270 0.45753 19
1732402974627 0.45208 20
1732403080717 0.44342 21
1732403185671 0.43699 22
1732403288928 0.43036 23
1732403393464 0.4256 24
1732403499061 0.38892 25
1732403598883 0.38135 26
1732403698130 0.37075 27
1732403797599 0.36296 28
1732403895992 0.35901 29
1732403995139 0.35147 30
1732404094762 0.34355 31
1732404195183 0.33632 32
1732404294878 0.33037 33
1732404394561 0.3242 34
