1732399891858 1.15082 0
1732399996400 1.13433 1
1732400097151 1.16361 2
1732400199901 1.18684 3
1732400301083 1.1704 4
1732400404162 1.15506 5
1732400507433 1.14318 6
1732400608490 1.13725 7
1732400711560 1.13669 8
1732400827121 1.12112 9
1732401026644 1.1193 10
1732401227048 1.11568 11
1732401429362 1.1088 12
1732401632544 1.10665 13
1732401835993 1.10427 14
1732402039129 1.09463 15
1732402243784 1.08947 16
1732402446813 1.0912 17
1732402650968 1.09004 18
1732402855270 1.08663 19
1732402974627 1.08167 20
1732403080717 1.07754 21
1732403185671 1.07427 22
1732403288928 1.07181 23
1732403393464 1.06423 24
1732403499061 1.09802 25
1732403598883 1.09727 26
1732403698130 1.08618 27
1732403797599 1.08277 28
1732403895992 1.07943 29
1732403995139 1.07309 30
1732404094762 1.06773 31
1732404195183 1.06013 32
1732404294878 1.05857 33
1732404394561 1.05055 34
