1732399891858 0.0033304548071387448 0
1732399996400 0.006475298133070154 1
1732400097151 0.009431570030430134 2
1732400199901 0.009151428571428573 3
1732400301083 0.008868571428571429 4
1732400404162 0.008585714285714287 5
1732400507433 0.008302857142857141 6
1732400608490 0.008020000000000001 7
1732400711560 0.007737142857142858 8
1732400827121 0.0074542857142857145 9
1732401026644 0.007171428571428572 10
1732401227048 0.006888571428571429 11
1732401429362 0.006605714285714286 12
1732401632544 0.006322857142857142 13
1732401835993 0.00604 14
1732402039129 0.005757142857142857 15
1732402243784 0.005474285714285715 16
1732402446813 0.005191428571428572 17
1732402650968 0.00490857142857143 18
1732402855270 0.004625714285714287 19
1732402974627 0.004342857142857143 20
1732403080717 0.00406 21
1732403185671 0.0037771428571428574 22
1732403288928 0.003494285714285714 23
1732403393464 0.0032114285714285712 24
1732403499061 0.002928571428571429 25
1732403598883 0.0026457142857142855 26
1732403698130 0.0023628571428571427 27
1732403797599 0.00208 28
1732403895992 0.0017971428571428565 29
1732403995139 0.001514285714285715 30
1732404094762 0.001231428571428572 31
1732404195183 0.0009485714285714288 32
1732404294878 0.0006657142857142859 33
1732404394561 0.000382857142857143 34
